15879 858075 12719 
17043 859709 12738
18606 861424 12750
20204 863258 12764
21958 865071 12778
23777 866913 12789
25598 868722 12804
27743 870546 12821
30131 872415 12840
33659 874305 12863
37673 876257 12886
41955 878571 12908
46308 880910 12927
49985 884199 12945
54315 887663 12970
58097 891839 12999
61593 896759 13032
65635 902022 13071
70391 907947 13113
75116 914119 13157
79804 920369 13205
84361 927440 13258
89428 934966 13317
95048 943044 13395
100668 952186 13475
105180 963251 13557
107145 976876 13651
108855 990919 13728
110308 1006033 13826
112556 1021575 13933
