4554 821430 12356
4532 821947 12363
4517 822468 12367
4494 823001 12371
4467 823518 12375
4446 824024 12379
4417 824527 12382
4389 825025 12383
4354 825520 12387
4328 826011 12391
4309 826504 12396
4294 826994 12402
4285 827480 12408
4275 827962 12413
4260 828441 12419
4232 828918 12425
4206 829388 12432
4192 829850 12438
4173 830320 12444
4147 830787 12451
4120 831246 12457
4109 831706 12460
4091 832167 12466
4074 832620 12472
4062 833089 12478
4053 833560 12483
4046 834043 12488
4036 834534 12493
