4022 835024 12496
4009 835506 12501
3997 835979 12502
3990 836473 12504
3978 836963 12508
3954 837525 12513
3952 838085 12517
3997 838606 12518
4018 839138 12521
4073 839648 12525
4073 839648 12525
4207 840180 12530
4483 841250 12539
4662 841762 12543
4870 842309 12547
5149 842862 12551
5450 843423 12556
5811 843999 12564
6222 844568 12573
6690 845178 12582
7291 845812 12590
7903 846480 12599
8619 847139 12609
9145 848041 12618
9746 849064 12630
10487 850091 12641
11318 851222 12650
12157 852463 12659
13070 853733 12670
13983 855085 12684
14846 856548 12700

